10
9
0 0 0 1 2 0 0 0 0
0 0 8 0 5 0 9 0 0
4 2 0 6 0 0 0 0 8
0 0 0 0 0 7 0 0 0
0 0 3 0 0 0 0 0 2
6 4 0 3 0 0 8 0 9
0 5 0 0 0 0 0 0 0
0 0 0 0 8 0 0 9 7
8 7 0 0 0 0 0 0 0
9
0 0 3 0 0 0 0 6 7
0 0 9 0 0 5 0 0 8
0 0 0 4 1 0 9 0 0
0 0 0 0 0 0 0 0 9
0 3 0 0 0 0 5 1 0
0 0 0 2 6 9 0 4 0
3 0 0 0 0 0 6 0 0
0 0 4 0 9 0 0 0 1
6 0 7 8 0 0 0 0 0
9
0 1 4 0 8 0 0 0 2
0 0 0 0 6 0 0 0 0
0 9 0 0 0 0 3 1 8
1 0 0 2 0 0 0 0 6
0 0 5 0 0 8 0 2 0
0 0 0 0 0 0 0 0 9
0 0 0 0 0 0 8 9 0
0 0 3 0 0 5 0 0 7
0 5 0 0 2 0 0 6 3
9
8 0 7 0 4 0 0 0 0
0 6 0 0 0 0 2 0 0
0 0 1 0 0 0 7 3 9
0 0 0 0 0 0 0 0 5
0 0 0 1 5 0 0 0 0
0 9 0 0 0 2 4 7 0
0 8 0 9 1 0 0 0 0
0 0 0 0 0 0 0 0 0
0 0 5 0 0 4 0 6 0
9
1 0 8 0 0 6 0 0 0
0 6 0 0 0 0 0 0 0
0 0 0 2 0 0 4 0 8
0 0 0 9 0 0 2 0 0
0 0 0 0 0 7 0 0 0
0 0 0 0 4 0 0 0 7
0 8 6 0 1 0 0 0 0
0 0 4 5 0 9 0 0 0
7 0 9 0 6 0 0 3 0
9
0 0 0 0 0 0 0 6 9
0 0 4 0 9 7 0 0 0
0 0 0 0 0 0 0 0 0
0 0 0 0 0 0 9 0 0
0 0 5 0 0 0 0 0 0
0 7 3 0 1 0 8 4 2
6 0 0 2 0 0 1 0 5
3 0 0 0 0 0 0 0 7
5 0 0 4 0 0 0 8 0
9
3 0 0 8 0 0 6 0 5
0 0 8 0 0 0 0 0 0
0 0 4 9 0 0 0 2 0
0 2 0 0 0 3 0 0 6
0 0 0 0 0 4 9 0 2
0 0 9 0 6 0 0 1 0
0 0 0 0 0 0 0 4 7
1 0 2 0 0 0 0 0 0
0 0 0 0 0 0 0 8 0
9
0 2 0 0 0 0 0 6 0
4 0 0 0 0 8 0 5 0
1 0 0 6 0 5 0 0 0
0 0 0 8 9 4 5 1 0
3 0 0 0 1 6 9 0 0
0 0 4 0 0 0 0 0 0
0 0 0 0 0 0 0 0 7
0 0 3 0 0 0 2 0 0
0 0 0 4 0 0 0 0 0
16
13 0 0 0 0 16 14 0 4 9 0 0 0 0 15 0
0 3 0 11 0 0 4 13 0 1 0 8 0 7 6 0
0 1 10 16 0 8 11 0 0 0 0 7 5 4 0 3
8 0 0 4 0 0 0 0 0 13 6 0 0 11 12 2
0 0 0 0 2 0 0 0 11 10 0 0 7 6 9 0
16 0 0 1 15 11 13 0 9 3 0 6 0 5 0 0
7 4 15 0 14 0 9 5 16 0 13 0 0 0 11 0
0 0 0 0 0 0 16 7 0 5 14 2 0 0 0 15
12 5 0 0 0 4 2 16 0 0 0 0 0 9 0 0
10 0 0 0 0 13 0 0 7 6 0 0 1 12 8 0
0 0 0 0 7 5 0 0 0 0 12 0 11 3 0 0
0 8 0 0 0 12 0 1 0 0 3 14 0 0 0 4
0 0 0 10 0 0 0 12 13 0 0 0 8 0 1 6
1 0 13 0 16 0 0 4 2 0 0 0 0 15 7 0
0 9 5 0 10 14 0 0 0 0 1 0 2 0 0 0
0 0 16 3 0 7 0 0 6 15 0 0 9 0 4 0
16
0 0 0 15 16 0 9 0 0 0 0 0 8 0 0 0
0 0 0 14 0 15 2 4 16 0 1 0 3 0 0 0
12 0 16 0 0 0 3 0 8 0 10 0 0 0 15 0
0 2 0 8 0 0 0 0 0 0 11 0 0 0 0 0
0 0 14 7 0 0 0 0 12 0 0 0 2 0 16 0
0 4 0 0 11 9 10 0 14 6 0 15 0 1 0 0
0 6 13 0 0 5 0 0 0 7 0 0 14 0 0 0
3 0 0 0 13 0 7 14 0 0 16 1 12 6 11 0
0 0 10 5 0 6 8 0 11 15 12 0 0 0 3 4
0 11 3 0 4 0 0 0 1 0 6 0 7 15 2 12
0 15 0 1 10 0 0 0 0 16 0 0 0 0 0 0
0 12 0 0 0 0 0 0 0 3 0 0 1 0 0 0
11 0 0 12 0 3 0 5 0 2 15 0 0 8 9 10
0 0 0 3 0 0 1 10 0 0 0 16 5 0 0 7
0 0 0 0 9 8 0 0 0 0 0 0 11 2 12 3
0 0 0 0 2 4 14 0 0 0 0 6 15 0 0 1